hellorotuine.started,hellorotuine.stopped,hellokey.keys,hellokey.rt,hellokey.duration,participant,性別,年齡,台語檢定成績,date,expName,psychopyVersion,OS,frameRate,fbclid,instructionroutine.started,instructionroutine.stopped,intructionkeyboard.keys,intructionkeyboard.rt,intructionkeyboard.duration,fixation.started,fixation.stopped,practiceroutine.started,practiceroutine.stopped,practrial.keys,trials.thisRepN,trials.thisTrialN,trials.thisN,trials.thisIndex,trials.ran,臺羅,isword,response,ifile,practrial.rt,practrial.duration,pracroutine.started,pracroutine.stopped,prackey.keys,prackey.rt,prackey.duration,trialroutine.started,trialroutine.stopped,trialkeyboard.keys,trialkeyboard.corr,trialkeyboard.rt,trialkeyboard.duration,trialloop.thisRepN,trialloop.thisTrialN,trialloop.thisN,trialloop.thisIndex,trialloop.ran,分組,台語詞頻分組,華語詞頻分組,漢字,thanksroutine.started,thanksroutine.stopped
0.0003,20.3167,space,20.2868,,580813,女,50,B1,2026-05-01_06h50.43.664,ldt,2025.1.1,Win32,59.88023952,IwZnRzaARguyNleHRuA2FlbQIxMQBzcnRjBmFwcF9pZAo2NjI4NTY4Mzc5AAEeAFYflSWH4e5uYn7Yl9lgLHutKBqZoWI3L8b-cdAO_GX-Whq5zOlEz4hEmpA_aem_7bXzr64Jel_WwBOnRhaTxA,,,,,,,,,,,,,,,,,,,,,,,,,,,,,,,,,,,,,,,,,,,
,,,,,580813,女,50,B1,2026-05-01_06h50.43.664,ldt,2025.1.1,Win32,59.88023952,IwZnRzaARguyNleHRuA2FlbQIxMQBzcnRjBmFwcF9pZAo2NjI4NTY4Mzc5AAEeAFYflSWH4e5uYn7Yl9lgLHutKBqZoWI3L8b-cdAO_GX-Whq5zOlEz4hEmpA_aem_7bXzr64Jel_WwBOnRhaTxA,20.3171,33.456,space,13.1063,,,,,,,,,,,,,,,,,,,,,,,,,,,,,,,,,,,,,,,
,,,,,580813,女,50,B1,2026-05-01_06h50.43.664,ldt,2025.1.1,Win32,59.88023952,IwZnRzaARguyNleHRuA2FlbQIxMQBzcnRjBmFwcF9pZAo2NjI4NTY4Mzc5AAEeAFYflSWH4e5uYn7Yl9lgLHutKBqZoWI3L8b-cdAO_GX-Whq5zOlEz4hEmpA_aem_7bXzr64Jel_WwBOnRhaTxA,,,,,,33.4771,33.9561,33.9565,38.9454,,0,0,0,0,1,__,1,j,w40.png,,,,,,,,,,,,,,,,,,,,,,,,
,,,,,580813,女,50,B1,2026-05-01_06h50.43.664,ldt,2025.1.1,Win32,59.88023952,IwZnRzaARguyNleHRuA2FlbQIxMQBzcnRjBmFwcF9pZAo2NjI4NTY4Mzc5AAEeAFYflSWH4e5uYn7Yl9lgLHutKBqZoWI3L8b-cdAO_GX-Whq5zOlEz4hEmpA_aem_7bXzr64Jel_WwBOnRhaTxA,,,,,,38.9462,39.4455,39.446,41.1644,j,0,1,1,2,1,__,1,j,w49.png,1.653,,,,,,,,,,,,,,,,,,,,,,,
,,,,,580813,女,50,B1,2026-05-01_06h50.43.664,ldt,2025.1.1,Win32,59.88023952,IwZnRzaARguyNleHRuA2FlbQIxMQBzcnRjBmFwcF9pZAo2NjI4NTY4Mzc5AAEeAFYflSWH4e5uYn7Yl9lgLHutKBqZoWI3L8b-cdAO_GX-Whq5zOlEz4hEmpA_aem_7bXzr64Jel_WwBOnRhaTxA,,,,,,41.165,41.6646,41.6652,46.6534,,0,2,2,3,1,__,0,f,w97.png,,,,,,,,,,,,,,,,,,,,,,,,
,,,,,580813,女,50,B1,2026-05-01_06h50.43.664,ldt,2025.1.1,Win32,59.88023952,IwZnRzaARguyNleHRuA2FlbQIxMQBzcnRjBmFwcF9pZAo2NjI4NTY4Mzc5AAEeAFYflSWH4e5uYn7Yl9lgLHutKBqZoWI3L8b-cdAO_GX-Whq5zOlEz4hEmpA_aem_7bXzr64Jel_WwBOnRhaTxA,,,,,,46.6539,47.1538,47.1543,51.425,j,0,3,3,1,1,__,0,f,w92.png,4.2108,,,,,,,,,,,,,,,,,,,,,,,
,,,,,580813,女,50,B1,2026-05-01_06h50.43.664,ldt,2025.1.1,Win32,59.88023952,IwZnRzaARguyNleHRuA2FlbQIxMQBzcnRjBmFwcF9pZAo2NjI4NTY4Mzc5AAEeAFYflSWH4e5uYn7Yl9lgLHutKBqZoWI3L8b-cdAO_GX-Whq5zOlEz4hEmpA_aem_7bXzr64Jel_WwBOnRhaTxA,,,,,,,,,,,,,,,,,,,,,,51.4253,57.0149,space,5.5764,,,,,,,,,,,,,,,,,,
,,,,,580813,女,50,B1,2026-05-01_06h50.43.664,ldt,2025.1.1,Win32,59.88023952,IwZnRzaARguyNleHRuA2FlbQIxMQBzcnRjBmFwcF9pZAo2NjI4NTY4Mzc5AAEeAFYflSWH4e5uYn7Yl9lgLHutKBqZoWI3L8b-cdAO_GX-Whq5zOlEz4hEmpA_aem_7bXzr64Jel_WwBOnRhaTxA,,,,,,57.0239,57.5152,,,,,,,,,,0,f,w79.png,,,,,,,,57.516,59.4009,f,1,1.8587,,0,0,0,68,1,filler_假詞,,,熱條,,
,,,,,580813,女,50,B1,2026-05-01_06h50.43.664,ldt,2025.1.1,Win32,59.88023952,IwZnRzaARguyNleHRuA2FlbQIxMQBzcnRjBmFwcF9pZAo2NjI4NTY4Mzc5AAEeAFYflSWH4e5uYn7Yl9lgLHutKBqZoWI3L8b-cdAO_GX-Whq5zOlEz4hEmpA_aem_7bXzr64Jel_WwBOnRhaTxA,,,,,,59.4014,59.9011,,,,,,,,,,0,f,w68.png,,,,,,,,59.9015,61.8533,j,0,1.9155,,0,1,1,57,1,filler_假詞,,,變縱,,
,,,,,580813,女,50,B1,2026-05-01_06h50.43.664,ldt,2025.1.1,Win32,59.88023952,IwZnRzaARguyNleHRuA2FlbQIxMQBzcnRjBmFwcF9pZAo2NjI4NTY4Mzc5AAEeAFYflSWH4e5uYn7Yl9lgLHutKBqZoWI3L8b-cdAO_GX-Whq5zOlEz4hEmpA_aem_7bXzr64Jel_WwBOnRhaTxA,,,,,,61.8538,62.3539,,,,,,,,,tshut-khì,1,j,w6.png,,,,,,,,62.3543,64.0057,j,1,1.6088,,0,2,2,5,1,實驗材料,懸,懸,出去,,
,,,,,580813,女,50,B1,2026-05-01_06h50.43.664,ldt,2025.1.1,Win32,59.88023952,IwZnRzaARguyNleHRuA2FlbQIxMQBzcnRjBmFwcF9pZAo2NjI4NTY4Mzc5AAEeAFYflSWH4e5uYn7Yl9lgLHutKBqZoWI3L8b-cdAO_GX-Whq5zOlEz4hEmpA_aem_7bXzr64Jel_WwBOnRhaTxA,,,,,,64.0062,64.5063,,,,,,,,,,0,f,w51.png,,,,,,,,64.5067,67.2263,f,1,2.6792,,0,3,3,40,1,filler_假詞,,,線瓜,,
,,,,,580813,女,50,B1,2026-05-01_06h50.43.664,ldt,2025.1.1,Win32,59.88023952,IwZnRzaARguyNleHRuA2FlbQIxMQBzcnRjBmFwcF9pZAo2NjI4NTY4Mzc5AAEeAFYflSWH4e5uYn7Yl9lgLHutKBqZoWI3L8b-cdAO_GX-Whq5zOlEz4hEmpA_aem_7bXzr64Jel_WwBOnRhaTxA,,,,,,67.2267,67.7265,,,,,,,,,,0,f,w82.png,,,,,,,,67.7269,68.7275,j,0,0.9602,,0,4,4,71,1,filler_假詞,,,食轉,,
,,,,,580813,女,50,B1,2026-05-01_06h50.43.664,ldt,2025.1.1,Win32,59.88023952,IwZnRzaARguyNleHRuA2FlbQIxMQBzcnRjBmFwcF9pZAo2NjI4NTY4Mzc5AAEeAFYflSWH4e5uYn7Yl9lgLHutKBqZoWI3L8b-cdAO_GX-Whq5zOlEz4hEmpA_aem_7bXzr64Jel_WwBOnRhaTxA,,,,,,68.7279,69.228,,,,,,,,,huâinn-ti̍t/huînn-ti̍t,1,j,w48.png,,,,,,,,69.2283,70.7129,j,1,1.4385,,0,5,5,39,1,filler_純台語詞,,,橫直,,
,,,,,580813,女,50,B1,2026-05-01_06h50.43.664,ldt,2025.1.1,Win32,59.88023952,IwZnRzaARguyNleHRuA2FlbQIxMQBzcnRjBmFwcF9pZAo2NjI4NTY4Mzc5AAEeAFYflSWH4e5uYn7Yl9lgLHutKBqZoWI3L8b-cdAO_GX-Whq5zOlEz4hEmpA_aem_7bXzr64Jel_WwBOnRhaTxA,,,,,,70.7134,71.2136,,,,,,,,,,0,f,w64.png,,,,,,,,71.2141,72.9487,j,0,1.6973,,0,6,6,53,1,filler_假詞,,,莖白,,
,,,,,580813,女,50,B1,2026-05-01_06h50.43.664,ldt,2025.1.1,Win32,59.88023952,IwZnRzaARguyNleHRuA2FlbQIxMQBzcnRjBmFwcF9pZAo2NjI4NTY4Mzc5AAEeAFYflSWH4e5uYn7Yl9lgLHutKBqZoWI3L8b-cdAO_GX-Whq5zOlEz4hEmpA_aem_7bXzr64Jel_WwBOnRhaTxA,,,,,,72.9492,73.4492,,,,,,,,,,0,f,w90.png,,,,,,,,73.4497,75.4762,j,0,1.9938,,0,7,7,79,1,filler_假詞,,,失務,,
,,,,,580813,女,50,B1,2026-05-01_06h50.43.664,ldt,2025.1.1,Win32,59.88023952,IwZnRzaARguyNleHRuA2FlbQIxMQBzcnRjBmFwcF9pZAo2NjI4NTY4Mzc5AAEeAFYflSWH4e5uYn7Yl9lgLHutKBqZoWI3L8b-cdAO_GX-Whq5zOlEz4hEmpA_aem_7bXzr64Jel_WwBOnRhaTxA,,,,,,75.4766,75.9761,,,,,,,,,,0,f,w58.png,,,,,,,,75.9765,77.2869,f,1,1.2658,,0,8,8,47,1,filler_假詞,,,輕牛,,
,,,,,580813,女,50,B1,2026-05-01_06h50.43.664,ldt,2025.1.1,Win32,59.88023952,IwZnRzaARguyNleHRuA2FlbQIxMQBzcnRjBmFwcF9pZAo2NjI4NTY4Mzc5AAEeAFYflSWH4e5uYn7Yl9lgLHutKBqZoWI3L8b-cdAO_GX-Whq5zOlEz4hEmpA_aem_7bXzr64Jel_WwBOnRhaTxA,,,,,,77.2874,77.7929,,,,,,,,,,0,f,w53.png,,,,,,,,77.7931,79.1389,j,0,1.3104,,0,9,9,42,1,filler_假詞,,,水空,,
,,,,,580813,女,50,B1,2026-05-01_06h50.43.664,ldt,2025.1.1,Win32,59.88023952,IwZnRzaARguyNleHRuA2FlbQIxMQBzcnRjBmFwcF9pZAo2NjI4NTY4Mzc5AAEeAFYflSWH4e5uYn7Yl9lgLHutKBqZoWI3L8b-cdAO_GX-Whq5zOlEz4hEmpA_aem_7bXzr64Jel_WwBOnRhaTxA,,,,,,79.1394,79.6394,,,,,,,,,,0,f,w77.png,,,,,,,,79.6398,82.0921,f,1,2.4068,,0,10,10,66,1,filler_假詞,,,土悲,,
,,,,,580813,女,50,B1,2026-05-01_06h50.43.664,ldt,2025.1.1,Win32,59.88023952,IwZnRzaARguyNleHRuA2FlbQIxMQBzcnRjBmFwcF9pZAo2NjI4NTY4Mzc5AAEeAFYflSWH4e5uYn7Yl9lgLHutKBqZoWI3L8b-cdAO_GX-Whq5zOlEz4hEmpA_aem_7bXzr64Jel_WwBOnRhaTxA,,,,,,82.0928,82.5926,,,,,,,,,kiù-miā,1,j,w26.png,,,,,,,,82.5931,84.1275,j,1,1.4864,,0,11,11,21,1,實驗材料,懸,低,救命,,
,,,,,580813,女,50,B1,2026-05-01_06h50.43.664,ldt,2025.1.1,Win32,59.88023952,IwZnRzaARguyNleHRuA2FlbQIxMQBzcnRjBmFwcF9pZAo2NjI4NTY4Mzc5AAEeAFYflSWH4e5uYn7Yl9lgLHutKBqZoWI3L8b-cdAO_GX-Whq5zOlEz4hEmpA_aem_7bXzr64Jel_WwBOnRhaTxA,,,,,,84.1278,84.6281,,,,,,,,,hôo-sîn,1,j,w47.png,,,,,,,,84.6285,85.4625,j,1,0.7996,,0,12,12,38,1,filler_純台語詞,,,胡蠅,,
,,,,,580813,女,50,B1,2026-05-01_06h50.43.664,ldt,2025.1.1,Win32,59.88023952,IwZnRzaARguyNleHRuA2FlbQIxMQBzcnRjBmFwcF9pZAo2NjI4NTY4Mzc5AAEeAFYflSWH4e5uYn7Yl9lgLHutKBqZoWI3L8b-cdAO_GX-Whq5zOlEz4hEmpA_aem_7bXzr64Jel_WwBOnRhaTxA,,,,,,85.4627,85.9629,,,,,,,,,,0,f,w80.png,,,,,,,,85.9632,87.5313,j,0,1.5431,,0,13,13,69,1,filler_假詞,,,煮配,,
,,,,,580813,女,50,B1,2026-05-01_06h50.43.664,ldt,2025.1.1,Win32,59.88023952,IwZnRzaARguyNleHRuA2FlbQIxMQBzcnRjBmFwcF9pZAo2NjI4NTY4Mzc5AAEeAFYflSWH4e5uYn7Yl9lgLHutKBqZoWI3L8b-cdAO_GX-Whq5zOlEz4hEmpA_aem_7bXzr64Jel_WwBOnRhaTxA,,,,,,87.5318,88.0319,,,,,,,,,,0,f,w71.png,,,,,,,,88.0323,89.9673,j,0,1.8993,,0,14,14,60,1,filler_假詞,,,力巧,,
,,,,,580813,女,50,B1,2026-05-01_06h50.43.664,ldt,2025.1.1,Win32,59.88023952,IwZnRzaARguyNleHRuA2FlbQIxMQBzcnRjBmFwcF9pZAo2NjI4NTY4Mzc5AAEeAFYflSWH4e5uYn7Yl9lgLHutKBqZoWI3L8b-cdAO_GX-Whq5zOlEz4hEmpA_aem_7bXzr64Jel_WwBOnRhaTxA,,,,,,89.9678,90.4678,,,,,,,,,,0,f,w74.png,,,,,,,,90.4682,92.5535,f,1,2.0638,,0,15,15,63,1,filler_假詞,,,動夜,,
,,,,,580813,女,50,B1,2026-05-01_06h50.43.664,ldt,2025.1.1,Win32,59.88023952,IwZnRzaARguyNleHRuA2FlbQIxMQBzcnRjBmFwcF9pZAo2NjI4NTY4Mzc5AAEeAFYflSWH4e5uYn7Yl9lgLHutKBqZoWI3L8b-cdAO_GX-Whq5zOlEz4hEmpA_aem_7bXzr64Jel_WwBOnRhaTxA,,,,,,92.554,93.054,,,,,,,,,,0,f,w61.png,,,,,,,,93.0545,95.3402,f,1,2.2381,,0,16,16,50,1,filler_假詞,,,呆膽,,
,,,,,580813,女,50,B1,2026-05-01_06h50.43.664,ldt,2025.1.1,Win32,59.88023952,IwZnRzaARguyNleHRuA2FlbQIxMQBzcnRjBmFwcF9pZAo2NjI4NTY4Mzc5AAEeAFYflSWH4e5uYn7Yl9lgLHutKBqZoWI3L8b-cdAO_GX-Whq5zOlEz4hEmpA_aem_7bXzr64Jel_WwBOnRhaTxA,,,,,,95.3406,95.8413,,,,,,,,,iông-kuàn,1,j,w15.png,,,,,,,,95.8417,98.1265,j,1,2.2479,,0,17,17,12,1,實驗材料,低,低,融券,,
,,,,,580813,女,50,B1,2026-05-01_06h50.43.664,ldt,2025.1.1,Win32,59.88023952,IwZnRzaARguyNleHRuA2FlbQIxMQBzcnRjBmFwcF9pZAo2NjI4NTY4Mzc5AAEeAFYflSWH4e5uYn7Yl9lgLHutKBqZoWI3L8b-cdAO_GX-Whq5zOlEz4hEmpA_aem_7bXzr64Jel_WwBOnRhaTxA,,,,,,98.1271,98.6267,,,,,,,,,king-siau,1,j,w12.png,,,,,,,,98.6273,99.5945,j,1,0.9247,,0,18,18,9,1,實驗材料,低,低,經銷,,
,,,,,580813,女,50,B1,2026-05-01_06h50.43.664,ldt,2025.1.1,Win32,59.88023952,IwZnRzaARguyNleHRuA2FlbQIxMQBzcnRjBmFwcF9pZAo2NjI4NTY4Mzc5AAEeAFYflSWH4e5uYn7Yl9lgLHutKBqZoWI3L8b-cdAO_GX-Whq5zOlEz4hEmpA_aem_7bXzr64Jel_WwBOnRhaTxA,,,,,,99.595,100.095,,,,,,,,,,0,f,w60.png,,,,,,,,100.0955,102.3643,f,1,2.2202,,0,19,19,49,1,filler_假詞,,,豬力,,
,,,,,580813,女,50,B1,2026-05-01_06h50.43.664,ldt,2025.1.1,Win32,59.88023952,IwZnRzaARguyNleHRuA2FlbQIxMQBzcnRjBmFwcF9pZAo2NjI4NTY4Mzc5AAEeAFYflSWH4e5uYn7Yl9lgLHutKBqZoWI3L8b-cdAO_GX-Whq5zOlEz4hEmpA_aem_7bXzr64Jel_WwBOnRhaTxA,,,,,,102.3647,102.8647,,,,,,,,,hām-bîn,1,j,w44.png,,,,,,,,102.8652,104.233,j,1,1.3213,,0,20,20,35,1,filler_純台語詞,,,陷眠,,
,,,,,580813,女,50,B1,2026-05-01_06h50.43.664,ldt,2025.1.1,Win32,59.88023952,IwZnRzaARguyNleHRuA2FlbQIxMQBzcnRjBmFwcF9pZAo2NjI4NTY4Mzc5AAEeAFYflSWH4e5uYn7Yl9lgLHutKBqZoWI3L8b-cdAO_GX-Whq5zOlEz4hEmpA_aem_7bXzr64Jel_WwBOnRhaTxA,,,,,,104.2334,104.7335,,,,,,,,,,0,f,w87.png,,,,,,,,104.734,107.1195,j,0,2.3434,,0,21,21,76,1,filler_假詞,,,大無,,
,,,,,580813,女,50,B1,2026-05-01_06h50.43.664,ldt,2025.1.1,Win32,59.88023952,IwZnRzaARguyNleHRuA2FlbQIxMQBzcnRjBmFwcF9pZAo2NjI4NTY4Mzc5AAEeAFYflSWH4e5uYn7Yl9lgLHutKBqZoWI3L8b-cdAO_GX-Whq5zOlEz4hEmpA_aem_7bXzr64Jel_WwBOnRhaTxA,,,,,,107.1201,107.6203,,,,,,,,,su-uî,1,j,w32.png,,,,,,,,107.6208,108.371,j,1,0.7079,,0,22,22,25,1,實驗材料,低,懸,思維,,
,,,,,580813,女,50,B1,2026-05-01_06h50.43.664,ldt,2025.1.1,Win32,59.88023952,IwZnRzaARguyNleHRuA2FlbQIxMQBzcnRjBmFwcF9pZAo2NjI4NTY4Mzc5AAEeAFYflSWH4e5uYn7Yl9lgLHutKBqZoWI3L8b-cdAO_GX-Whq5zOlEz4hEmpA_aem_7bXzr64Jel_WwBOnRhaTxA,,,,,,108.3713,108.8714,,,,,,,,,í-king,1,j,w1.png,,,,,,,,108.8717,109.5888,j,1,0.6702,,0,23,23,0,1,實驗材料,懸,懸,已經,,
,,,,,580813,女,50,B1,2026-05-01_06h50.43.664,ldt,2025.1.1,Win32,59.88023952,IwZnRzaARguyNleHRuA2FlbQIxMQBzcnRjBmFwcF9pZAo2NjI4NTY4Mzc5AAEeAFYflSWH4e5uYn7Yl9lgLHutKBqZoWI3L8b-cdAO_GX-Whq5zOlEz4hEmpA_aem_7bXzr64Jel_WwBOnRhaTxA,,,,,,109.5891,110.0893,,,,,,,,,i-kì/i-kù,1,j,w33.png,,,,,,,,110.0898,110.8069,j,1,0.6705,,0,24,24,26,1,實驗材料,低,懸,依據,,
,,,,,580813,女,50,B1,2026-05-01_06h50.43.664,ldt,2025.1.1,Win32,59.88023952,IwZnRzaARguyNleHRuA2FlbQIxMQBzcnRjBmFwcF9pZAo2NjI4NTY4Mzc5AAEeAFYflSWH4e5uYn7Yl9lgLHutKBqZoWI3L8b-cdAO_GX-Whq5zOlEz4hEmpA_aem_7bXzr64Jel_WwBOnRhaTxA,,,,,,110.8074,111.3078,,,,,,,,,ha̍k-huē,1,j,w36.png,,,,,,,,111.3084,112.0748,j,1,0.7225,,0,25,25,29,1,實驗材料,低,懸,學會,,
,,,,,580813,女,50,B1,2026-05-01_06h50.43.664,ldt,2025.1.1,Win32,59.88023952,IwZnRzaARguyNleHRuA2FlbQIxMQBzcnRjBmFwcF9pZAo2NjI4NTY4Mzc5AAEeAFYflSWH4e5uYn7Yl9lgLHutKBqZoWI3L8b-cdAO_GX-Whq5zOlEz4hEmpA_aem_7bXzr64Jel_WwBOnRhaTxA,,,,,,112.0753,112.5755,,,,,,,,,,0,f,w66.png,,,,,,,,112.5758,115.6288,j,0,3.0151,,0,26,26,55,1,filler_假詞,,,冒張,,
,,,,,580813,女,50,B1,2026-05-01_06h50.43.664,ldt,2025.1.1,Win32,59.88023952,IwZnRzaARguyNleHRuA2FlbQIxMQBzcnRjBmFwcF9pZAo2NjI4NTY4Mzc5AAEeAFYflSWH4e5uYn7Yl9lgLHutKBqZoWI3L8b-cdAO_GX-Whq5zOlEz4hEmpA_aem_7bXzr64Jel_WwBOnRhaTxA,,,,,,115.6294,116.1294,,,,,,,,,,0,f,w65.png,,,,,,,,116.1299,120.4007,j,0,4.2286,,0,27,27,54,1,filler_假詞,,,分然,,
,,,,,580813,女,50,B1,2026-05-01_06h50.43.664,ldt,2025.1.1,Win32,59.88023952,IwZnRzaARguyNleHRuA2FlbQIxMQBzcnRjBmFwcF9pZAo2NjI4NTY4Mzc5AAEeAFYflSWH4e5uYn7Yl9lgLHutKBqZoWI3L8b-cdAO_GX-Whq5zOlEz4hEmpA_aem_7bXzr64Jel_WwBOnRhaTxA,,,,,,120.4011,120.9011,,,,,,,,,,0,f,w78.png,,,,,,,,120.9018,124.3722,f,1,3.4435,,0,28,28,67,1,filler_假詞,,,假闊,,
,,,,,580813,女,50,B1,2026-05-01_06h50.43.664,ldt,2025.1.1,Win32,59.88023952,IwZnRzaARguyNleHRuA2FlbQIxMQBzcnRjBmFwcF9pZAo2NjI4NTY4Mzc5AAEeAFYflSWH4e5uYn7Yl9lgLHutKBqZoWI3L8b-cdAO_GX-Whq5zOlEz4hEmpA_aem_7bXzr64Jel_WwBOnRhaTxA,,,,,,124.3727,124.872,,,,,,,,,,0,f,w88.png,,,,,,,,124.8724,125.6731,j,0,0.7689,,0,29,29,77,1,filler_假詞,,,了物,,
,,,,,580813,女,50,B1,2026-05-01_06h50.43.664,ldt,2025.1.1,Win32,59.88023952,IwZnRzaARguyNleHRuA2FlbQIxMQBzcnRjBmFwcF9pZAo2NjI4NTY4Mzc5AAEeAFYflSWH4e5uYn7Yl9lgLHutKBqZoWI3L8b-cdAO_GX-Whq5zOlEz4hEmpA_aem_7bXzr64Jel_WwBOnRhaTxA,,,,,,125.6736,126.1737,,,,,,,,,tshit-thô,1,j,w41.png,,,,,,,,126.1743,126.9578,j,1,0.739,,0,30,30,32,1,filler_純台語詞,,,𨑨迌,,
,,,,,580813,女,50,B1,2026-05-01_06h50.43.664,ldt,2025.1.1,Win32,59.88023952,IwZnRzaARguyNleHRuA2FlbQIxMQBzcnRjBmFwcF9pZAo2NjI4NTY4Mzc5AAEeAFYflSWH4e5uYn7Yl9lgLHutKBqZoWI3L8b-cdAO_GX-Whq5zOlEz4hEmpA_aem_7bXzr64Jel_WwBOnRhaTxA,,,,,,126.9581,127.4583,,,,,,,,,,0,f,w76.png,,,,,,,,127.4587,129.4438,j,0,1.9393,,0,31,31,65,1,filler_假詞,,,製般,,
,,,,,580813,女,50,B1,2026-05-01_06h50.43.664,ldt,2025.1.1,Win32,59.88023952,IwZnRzaARguyNleHRuA2FlbQIxMQBzcnRjBmFwcF9pZAo2NjI4NTY4Mzc5AAEeAFYflSWH4e5uYn7Yl9lgLHutKBqZoWI3L8b-cdAO_GX-Whq5zOlEz4hEmpA_aem_7bXzr64Jel_WwBOnRhaTxA,,,,,,129.4442,129.9444,,,,,,,,,,0,f,w86.png,,,,,,,,129.9447,133.4148,j,0,3.4327,,0,32,32,75,1,filler_假詞,,,涼層,,
,,,,,580813,女,50,B1,2026-05-01_06h50.43.664,ldt,2025.1.1,Win32,59.88023952,IwZnRzaARguyNleHRuA2FlbQIxMQBzcnRjBmFwcF9pZAo2NjI4NTY4Mzc5AAEeAFYflSWH4e5uYn7Yl9lgLHutKBqZoWI3L8b-cdAO_GX-Whq5zOlEz4hEmpA_aem_7bXzr64Jel_WwBOnRhaTxA,,,,,,133.4153,133.9154,,,,,,,,,kuè--lâi,1,j,w8.png,,,,,,,,133.9158,135,j,1,1.0423,,0,33,33,7,1,實驗材料,懸,懸,過來,,
,,,,,580813,女,50,B1,2026-05-01_06h50.43.664,ldt,2025.1.1,Win32,59.88023952,IwZnRzaARguyNleHRuA2FlbQIxMQBzcnRjBmFwcF9pZAo2NjI4NTY4Mzc5AAEeAFYflSWH4e5uYn7Yl9lgLHutKBqZoWI3L8b-cdAO_GX-Whq5zOlEz4hEmpA_aem_7bXzr64Jel_WwBOnRhaTxA,,,,,,135.0004,135.5005,,,,,,,,,būn-tê/būn-tuê,1,j,w3.png,,,,,,,,135.501,136.4849,j,1,0.9374,,0,34,34,2,1,實驗材料,懸,懸,問題,,
,,,,,580813,女,50,B1,2026-05-01_06h50.43.664,ldt,2025.1.1,Win32,59.88023952,IwZnRzaARguyNleHRuA2FlbQIxMQBzcnRjBmFwcF9pZAo2NjI4NTY4Mzc5AAEeAFYflSWH4e5uYn7Yl9lgLHutKBqZoWI3L8b-cdAO_GX-Whq5zOlEz4hEmpA_aem_7bXzr64Jel_WwBOnRhaTxA,,,,,,136.4853,136.9854,,,,,,,,,siu-thiann,1,j,w21.png,,,,,,,,136.9859,137.6028,j,1,0.5811,,0,35,35,16,1,實驗材料,懸,低,收聽,,
,,,,,580813,女,50,B1,2026-05-01_06h50.43.664,ldt,2025.1.1,Win32,59.88023952,IwZnRzaARguyNleHRuA2FlbQIxMQBzcnRjBmFwcF9pZAo2NjI4NTY4Mzc5AAEeAFYflSWH4e5uYn7Yl9lgLHutKBqZoWI3L8b-cdAO_GX-Whq5zOlEz4hEmpA_aem_7bXzr64Jel_WwBOnRhaTxA,,,,,,137.6032,138.1034,,,,,,,,,khe-tsuí/khue-tsuí,1,j,w27.png,,,,,,,,138.1038,138.9041,j,1,0.7532,,0,36,36,22,1,實驗材料,懸,低,溪水,,
,,,,,580813,女,50,B1,2026-05-01_06h50.43.664,ldt,2025.1.1,Win32,59.88023952,IwZnRzaARguyNleHRuA2FlbQIxMQBzcnRjBmFwcF9pZAo2NjI4NTY4Mzc5AAEeAFYflSWH4e5uYn7Yl9lgLHutKBqZoWI3L8b-cdAO_GX-Whq5zOlEz4hEmpA_aem_7bXzr64Jel_WwBOnRhaTxA,,,,,,138.9045,139.4048,,,,,,,,,tsú-kàu,1,j,w24.png,,,,,,,,139.4052,140.7395,j,1,1.2905,,0,37,37,19,1,實驗材料,懸,低,主教,,
,,,,,580813,女,50,B1,2026-05-01_06h50.43.664,ldt,2025.1.1,Win32,59.88023952,IwZnRzaARguyNleHRuA2FlbQIxMQBzcnRjBmFwcF9pZAo2NjI4NTY4Mzc5AAEeAFYflSWH4e5uYn7Yl9lgLHutKBqZoWI3L8b-cdAO_GX-Whq5zOlEz4hEmpA_aem_7bXzr64Jel_WwBOnRhaTxA,,,,,,140.7397,141.2399,,,,,,,,,tsi-hù,1,j,w37.png,,,,,,,,141.2402,143.9931,j,1,2.7158,,0,38,38,30,1,實驗材料,低,懸,支付,,
,,,,,580813,女,50,B1,2026-05-01_06h50.43.664,ldt,2025.1.1,Win32,59.88023952,IwZnRzaARguyNleHRuA2FlbQIxMQBzcnRjBmFwcF9pZAo2NjI4NTY4Mzc5AAEeAFYflSWH4e5uYn7Yl9lgLHutKBqZoWI3L8b-cdAO_GX-Whq5zOlEz4hEmpA_aem_7bXzr64Jel_WwBOnRhaTxA,,,,,,143.9935,144.4937,,,,,,,,,kóng-huat,1,j,w28.png,,,,,,,,144.4942,145.2613,j,1,0.7249,,0,39,39,23,1,實驗材料,懸,低,講法,,
,,,,,580813,女,50,B1,2026-05-01_06h50.43.664,ldt,2025.1.1,Win32,59.88023952,IwZnRzaARguyNleHRuA2FlbQIxMQBzcnRjBmFwcF9pZAo2NjI4NTY4Mzc5AAEeAFYflSWH4e5uYn7Yl9lgLHutKBqZoWI3L8b-cdAO_GX-Whq5zOlEz4hEmpA_aem_7bXzr64Jel_WwBOnRhaTxA,,,,,,145.2619,145.7617,,,,,,,,,,0,f,w59.png,,,,,,,,145.7622,149.1487,f,1,3.3466,,0,40,40,48,1,filler_假詞,,,貓快,,
,,,,,580813,女,50,B1,2026-05-01_06h50.43.664,ldt,2025.1.1,Win32,59.88023952,IwZnRzaARguyNleHRuA2FlbQIxMQBzcnRjBmFwcF9pZAo2NjI4NTY4Mzc5AAEeAFYflSWH4e5uYn7Yl9lgLHutKBqZoWI3L8b-cdAO_GX-Whq5zOlEz4hEmpA_aem_7bXzr64Jel_WwBOnRhaTxA,,,,,,149.149,149.6492,,,,,,,,,guân-lâi,1,j,w5.png,,,,,,,,149.6497,150.8506,j,1,1.1552,,0,41,41,4,1,實驗材料,懸,懸,原來,,
,,,,,580813,女,50,B1,2026-05-01_06h50.43.664,ldt,2025.1.1,Win32,59.88023952,IwZnRzaARguyNleHRuA2FlbQIxMQBzcnRjBmFwcF9pZAo2NjI4NTY4Mzc5AAEeAFYflSWH4e5uYn7Yl9lgLHutKBqZoWI3L8b-cdAO_GX-Whq5zOlEz4hEmpA_aem_7bXzr64Jel_WwBOnRhaTxA,,,,,,150.8512,151.3511,,,,,,,,,,0,f,w56.png,,,,,,,,151.3514,153.3535,f,1,1.965,,0,42,42,45,1,filler_假詞,,,心果,,
,,,,,580813,女,50,B1,2026-05-01_06h50.43.664,ldt,2025.1.1,Win32,59.88023952,IwZnRzaARguyNleHRuA2FlbQIxMQBzcnRjBmFwcF9pZAo2NjI4NTY4Mzc5AAEeAFYflSWH4e5uYn7Yl9lgLHutKBqZoWI3L8b-cdAO_GX-Whq5zOlEz4hEmpA_aem_7bXzr64Jel_WwBOnRhaTxA,,,,,,153.3539,153.854,,,,,,,,,,0,f,w70.png,,,,,,,,153.8543,155.5724,j,0,1.6782,,0,43,43,59,1,filler_假詞,,,年指,,
,,,,,580813,女,50,B1,2026-05-01_06h50.43.664,ldt,2025.1.1,Win32,59.88023952,IwZnRzaARguyNleHRuA2FlbQIxMQBzcnRjBmFwcF9pZAo2NjI4NTY4Mzc5AAEeAFYflSWH4e5uYn7Yl9lgLHutKBqZoWI3L8b-cdAO_GX-Whq5zOlEz4hEmpA_aem_7bXzr64Jel_WwBOnRhaTxA,,,,,,155.5728,156.073,,,,,,,,,tē-miâ/tuē-miâ,1,j,w25.png,,,,,,,,156.0735,157.291,j,1,1.17,,0,44,44,20,1,實驗材料,懸,低,地名,,
,,,,,580813,女,50,B1,2026-05-01_06h50.43.664,ldt,2025.1.1,Win32,59.88023952,IwZnRzaARguyNleHRuA2FlbQIxMQBzcnRjBmFwcF9pZAo2NjI4NTY4Mzc5AAEeAFYflSWH4e5uYn7Yl9lgLHutKBqZoWI3L8b-cdAO_GX-Whq5zOlEz4hEmpA_aem_7bXzr64Jel_WwBOnRhaTxA,,,,,,157.2913,157.7916,,,,,,,,,thua-tiàu,1,j,w14.png,,,,,,,,157.7919,160.3276,j,1,2.4885,,0,45,45,11,1,實驗材料,低,低,拖吊,,
,,,,,580813,女,50,B1,2026-05-01_06h50.43.664,ldt,2025.1.1,Win32,59.88023952,IwZnRzaARguyNleHRuA2FlbQIxMQBzcnRjBmFwcF9pZAo2NjI4NTY4Mzc5AAEeAFYflSWH4e5uYn7Yl9lgLHutKBqZoWI3L8b-cdAO_GX-Whq5zOlEz4hEmpA_aem_7bXzr64Jel_WwBOnRhaTxA,,,,,,160.328,160.8282,,,,,,,,,,0,f,w73.png,,,,,,,,160.8286,161.4791,j,0,0.6039,,0,46,46,62,1,filler_假詞,,,腹伏,,
,,,,,580813,女,50,B1,2026-05-01_06h50.43.664,ldt,2025.1.1,Win32,59.88023952,IwZnRzaARguyNleHRuA2FlbQIxMQBzcnRjBmFwcF9pZAo2NjI4NTY4Mzc5AAEeAFYflSWH4e5uYn7Yl9lgLHutKBqZoWI3L8b-cdAO_GX-Whq5zOlEz4hEmpA_aem_7bXzr64Jel_WwBOnRhaTxA,,,,,,161.4796,161.9796,,,,,,,,,kíng-tsìng,1,j,w16.png,,,,,,,,161.9801,162.647,j,1,0.629,,0,47,47,13,1,實驗材料,低,低,警政,,
,,,,,580813,女,50,B1,2026-05-01_06h50.43.664,ldt,2025.1.1,Win32,59.88023952,IwZnRzaARguyNleHRuA2FlbQIxMQBzcnRjBmFwcF9pZAo2NjI4NTY4Mzc5AAEeAFYflSWH4e5uYn7Yl9lgLHutKBqZoWI3L8b-cdAO_GX-Whq5zOlEz4hEmpA_aem_7bXzr64Jel_WwBOnRhaTxA,,,,,,162.6474,163.1474,,,,,,,,,,0,f,w72.png,,,,,,,,163.1478,164.6157,j,0,1.4218,,0,48,48,61,1,filler_假詞,,,家覺,,
,,,,,580813,女,50,B1,2026-05-01_06h50.43.664,ldt,2025.1.1,Win32,59.88023952,IwZnRzaARguyNleHRuA2FlbQIxMQBzcnRjBmFwcF9pZAo2NjI4NTY4Mzc5AAEeAFYflSWH4e5uYn7Yl9lgLHutKBqZoWI3L8b-cdAO_GX-Whq5zOlEz4hEmpA_aem_7bXzr64Jel_WwBOnRhaTxA,,,,,,164.6162,165.1163,,,,,,,,,,0,f,w57.png,,,,,,,,165.1166,166.3675,j,0,1.214,,0,49,49,46,1,filler_假詞,,,老失,,
,,,,,580813,女,50,B1,2026-05-01_06h50.43.664,ldt,2025.1.1,Win32,59.88023952,IwZnRzaARguyNleHRuA2FlbQIxMQBzcnRjBmFwcF9pZAo2NjI4NTY4Mzc5AAEeAFYflSWH4e5uYn7Yl9lgLHutKBqZoWI3L8b-cdAO_GX-Whq5zOlEz4hEmpA_aem_7bXzr64Jel_WwBOnRhaTxA,,,,,,166.3679,166.8682,,,,,,,,,,0,f,w54.png,,,,,,,,166.8686,169.521,f,1,2.6076,,0,50,50,43,1,filler_假詞,,,狗人,,
,,,,,580813,女,50,B1,2026-05-01_06h50.43.664,ldt,2025.1.1,Win32,59.88023952,IwZnRzaARguyNleHRuA2FlbQIxMQBzcnRjBmFwcF9pZAo2NjI4NTY4Mzc5AAEeAFYflSWH4e5uYn7Yl9lgLHutKBqZoWI3L8b-cdAO_GX-Whq5zOlEz4hEmpA_aem_7bXzr64Jel_WwBOnRhaTxA,,,,,,169.5214,170.0216,,,,,,,,,kî-bōng,1,j,w38.png,,,,,,,,170.022,170.6722,j,1,0.6089,,0,51,51,31,1,實驗材料,低,懸,期望,,
,,,,,580813,女,50,B1,2026-05-01_06h50.43.664,ldt,2025.1.1,Win32,59.88023952,IwZnRzaARguyNleHRuA2FlbQIxMQBzcnRjBmFwcF9pZAo2NjI4NTY4Mzc5AAEeAFYflSWH4e5uYn7Yl9lgLHutKBqZoWI3L8b-cdAO_GX-Whq5zOlEz4hEmpA_aem_7bXzr64Jel_WwBOnRhaTxA,,,,,,170.6728,171.1729,,,,,,,,,hòng-siā,1,j,w22.png,,,,,,,,171.1732,172.4916,j,1,1.2761,,0,52,52,17,1,實驗材料,懸,低,放射,,
,,,,,580813,女,50,B1,2026-05-01_06h50.43.664,ldt,2025.1.1,Win32,59.88023952,IwZnRzaARguyNleHRuA2FlbQIxMQBzcnRjBmFwcF9pZAo2NjI4NTY4Mzc5AAEeAFYflSWH4e5uYn7Yl9lgLHutKBqZoWI3L8b-cdAO_GX-Whq5zOlEz4hEmpA_aem_7bXzr64Jel_WwBOnRhaTxA,,,,,,172.492,172.9915,,,,,,,,,tsha-ī,1,j,w34.png,,,,,,,,172.9919,173.7089,j,1,0.6708,,0,53,53,27,1,實驗材料,低,懸,差異,,
,,,,,580813,女,50,B1,2026-05-01_06h50.43.664,ldt,2025.1.1,Win32,59.88023952,IwZnRzaARguyNleHRuA2FlbQIxMQBzcnRjBmFwcF9pZAo2NjI4NTY4Mzc5AAEeAFYflSWH4e5uYn7Yl9lgLHutKBqZoWI3L8b-cdAO_GX-Whq5zOlEz4hEmpA_aem_7bXzr64Jel_WwBOnRhaTxA,,,,,,173.7092,174.2095,,,,,,,,,su-iàu,1,j,w4.png,,,,,,,,174.2099,174.977,j,1,0.73,,0,54,54,3,1,實驗材料,懸,懸,需要,,
,,,,,580813,女,50,B1,2026-05-01_06h50.43.664,ldt,2025.1.1,Win32,59.88023952,IwZnRzaARguyNleHRuA2FlbQIxMQBzcnRjBmFwcF9pZAo2NjI4NTY4Mzc5AAEeAFYflSWH4e5uYn7Yl9lgLHutKBqZoWI3L8b-cdAO_GX-Whq5zOlEz4hEmpA_aem_7bXzr64Jel_WwBOnRhaTxA,,,,,,174.9776,175.4778,,,,,,,,,,0,f,w89.png,,,,,,,,175.4782,176.9793,f,1,1.4515,,0,55,55,78,1,filler_假詞,,,義活,,
,,,,,580813,女,50,B1,2026-05-01_06h50.43.664,ldt,2025.1.1,Win32,59.88023952,IwZnRzaARguyNleHRuA2FlbQIxMQBzcnRjBmFwcF9pZAo2NjI4NTY4Mzc5AAEeAFYflSWH4e5uYn7Yl9lgLHutKBqZoWI3L8b-cdAO_GX-Whq5zOlEz4hEmpA_aem_7bXzr64Jel_WwBOnRhaTxA,,,,,,176.9797,177.4798,,,,,,,,,,0,f,w85.png,,,,,,,,177.4802,180.0827,f,1,2.5565,,0,56,56,74,1,filler_假詞,,,素鼠,,
,,,,,580813,女,50,B1,2026-05-01_06h50.43.664,ldt,2025.1.1,Win32,59.88023952,IwZnRzaARguyNleHRuA2FlbQIxMQBzcnRjBmFwcF9pZAo2NjI4NTY4Mzc5AAEeAFYflSWH4e5uYn7Yl9lgLHutKBqZoWI3L8b-cdAO_GX-Whq5zOlEz4hEmpA_aem_7bXzr64Jel_WwBOnRhaTxA,,,,,,180.0831,180.5832,,,,,,,,,hiau-pai,1,j,w46.png,,,,,,,,180.5837,181.7845,j,1,1.158,,0,57,57,37,1,filler_純台語詞,,,囂俳,,
,,,,,580813,女,50,B1,2026-05-01_06h50.43.664,ldt,2025.1.1,Win32,59.88023952,IwZnRzaARguyNleHRuA2FlbQIxMQBzcnRjBmFwcF9pZAo2NjI4NTY4Mzc5AAEeAFYflSWH4e5uYn7Yl9lgLHutKBqZoWI3L8b-cdAO_GX-Whq5zOlEz4hEmpA_aem_7bXzr64Jel_WwBOnRhaTxA,,,,,,181.785,182.2849,,,,,,,,,,0,f,w63.png,,,,,,,,182.2855,184.9045,j,0,2.5775,,0,58,58,52,1,filler_假詞,,,語情,,
,,,,,580813,女,50,B1,2026-05-01_06h50.43.664,ldt,2025.1.1,Win32,59.88023952,IwZnRzaARguyNleHRuA2FlbQIxMQBzcnRjBmFwcF9pZAo2NjI4NTY4Mzc5AAEeAFYflSWH4e5uYn7Yl9lgLHutKBqZoWI3L8b-cdAO_GX-Whq5zOlEz4hEmpA_aem_7bXzr64Jel_WwBOnRhaTxA,,,,,,184.9049,185.4051,,,,,,,,,,0,f,w69.png,,,,,,,,185.4055,186.5565,j,0,1.1043,,0,59,59,58,1,filler_假詞,,,把氣,,
,,,,,580813,女,50,B1,2026-05-01_06h50.43.664,ldt,2025.1.1,Win32,59.88023952,IwZnRzaARguyNleHRuA2FlbQIxMQBzcnRjBmFwcF9pZAo2NjI4NTY4Mzc5AAEeAFYflSWH4e5uYn7Yl9lgLHutKBqZoWI3L8b-cdAO_GX-Whq5zOlEz4hEmpA_aem_7bXzr64Jel_WwBOnRhaTxA,,,,,,186.5568,187.0568,,,,,,,,,khòng-sòo,1,j,w18.png,,,,,,,,187.0571,188.9591,j,1,1.8624,,0,60,60,15,1,實驗材料,低,低,控訴,,
,,,,,580813,女,50,B1,2026-05-01_06h50.43.664,ldt,2025.1.1,Win32,59.88023952,IwZnRzaARguyNleHRuA2FlbQIxMQBzcnRjBmFwcF9pZAo2NjI4NTY4Mzc5AAEeAFYflSWH4e5uYn7Yl9lgLHutKBqZoWI3L8b-cdAO_GX-Whq5zOlEz4hEmpA_aem_7bXzr64Jel_WwBOnRhaTxA,,,,,,188.9598,189.4595,,,,,,,,,gāi-gio̍h,1,j,w43.png,,,,,,,,189.4599,190.344,j,1,0.8437,,0,61,61,34,1,filler_純台語詞,,,礙虐,,
,,,,,580813,女,50,B1,2026-05-01_06h50.43.664,ldt,2025.1.1,Win32,59.88023952,IwZnRzaARguyNleHRuA2FlbQIxMQBzcnRjBmFwcF9pZAo2NjI4NTY4Mzc5AAEeAFYflSWH4e5uYn7Yl9lgLHutKBqZoWI3L8b-cdAO_GX-Whq5zOlEz4hEmpA_aem_7bXzr64Jel_WwBOnRhaTxA,,,,,,190.3446,190.8443,,,,,,,,,uî-pio,1,j,w13.png,,,,,,,,190.8445,192.1624,j,1,1.2831,,0,62,62,10,1,實驗材料,低,低,圍標,,
,,,,,580813,女,50,B1,2026-05-01_06h50.43.664,ldt,2025.1.1,Win32,59.88023952,IwZnRzaARguyNleHRuA2FlbQIxMQBzcnRjBmFwcF9pZAo2NjI4NTY4Mzc5AAEeAFYflSWH4e5uYn7Yl9lgLHutKBqZoWI3L8b-cdAO_GX-Whq5zOlEz4hEmpA_aem_7bXzr64Jel_WwBOnRhaTxA,,,,,,192.1629,192.6632,,,,,,,,,,0,f,w84.png,,,,,,,,192.6637,195.099,j,0,2.3875,,0,63,63,73,1,filler_假詞,,,川角,,
,,,,,580813,女,50,B1,2026-05-01_06h50.43.664,ldt,2025.1.1,Win32,59.88023952,IwZnRzaARguyNleHRuA2FlbQIxMQBzcnRjBmFwcF9pZAo2NjI4NTY4Mzc5AAEeAFYflSWH4e5uYn7Yl9lgLHutKBqZoWI3L8b-cdAO_GX-Whq5zOlEz4hEmpA_aem_7bXzr64Jel_WwBOnRhaTxA,,,,,,195.0994,195.5995,,,,,,,,,bân-phuê/bân-phê ,1,j,w42.png,,,,,,,,195.5999,196.3838,j,1,0.7416,,0,64,64,33,1,filler_純台語詞,,,蠻皮,,
,,,,,580813,女,50,B1,2026-05-01_06h50.43.664,ldt,2025.1.1,Win32,59.88023952,IwZnRzaARguyNleHRuA2FlbQIxMQBzcnRjBmFwcF9pZAo2NjI4NTY4Mzc5AAEeAFYflSWH4e5uYn7Yl9lgLHutKBqZoWI3L8b-cdAO_GX-Whq5zOlEz4hEmpA_aem_7bXzr64Jel_WwBOnRhaTxA,,,,,,196.3842,196.8843,,,,,,,,,khai-sí,1,j,w2.png,,,,,,,,196.8848,197.6187,j,1,0.6852,,0,65,65,1,1,實驗材料,懸,懸,開始,,
,,,,,580813,女,50,B1,2026-05-01_06h50.43.664,ldt,2025.1.1,Win32,59.88023952,IwZnRzaARguyNleHRuA2FlbQIxMQBzcnRjBmFwcF9pZAo2NjI4NTY4Mzc5AAEeAFYflSWH4e5uYn7Yl9lgLHutKBqZoWI3L8b-cdAO_GX-Whq5zOlEz4hEmpA_aem_7bXzr64Jel_WwBOnRhaTxA,,,,,,197.6191,198.119,,,,,,,,,,0,f,w75.png,,,,,,,,198.1193,199.4451,f,1,1.2842,,0,66,66,64,1,filler_假詞,,,野吉,,
,,,,,580813,女,50,B1,2026-05-01_06h50.43.664,ldt,2025.1.1,Win32,59.88023952,IwZnRzaARguyNleHRuA2FlbQIxMQBzcnRjBmFwcF9pZAo2NjI4NTY4Mzc5AAEeAFYflSWH4e5uYn7Yl9lgLHutKBqZoWI3L8b-cdAO_GX-Whq5zOlEz4hEmpA_aem_7bXzr64Jel_WwBOnRhaTxA,,,,,,199.4456,199.9377,,,,,,,,,jiá-hō/liá-hō,1,j,w11.png,,,,,,,,199.9382,200.8053,j,1,0.803,,0,67,67,8,1,實驗材料,低,低,惹禍,,
,,,,,580813,女,50,B1,2026-05-01_06h50.43.664,ldt,2025.1.1,Win32,59.88023952,IwZnRzaARguyNleHRuA2FlbQIxMQBzcnRjBmFwcF9pZAo2NjI4NTY4Mzc5AAEeAFYflSWH4e5uYn7Yl9lgLHutKBqZoWI3L8b-cdAO_GX-Whq5zOlEz4hEmpA_aem_7bXzr64Jel_WwBOnRhaTxA,,,,,,200.8057,201.3058,,,,,,,,,,0,f,w83.png,,,,,,,,201.3062,204.5594,f,1,3.2068,,0,68,68,72,1,filler_假詞,,,流棲,,
,,,,,580813,女,50,B1,2026-05-01_06h50.43.664,ldt,2025.1.1,Win32,59.88023952,IwZnRzaARguyNleHRuA2FlbQIxMQBzcnRjBmFwcF9pZAo2NjI4NTY4Mzc5AAEeAFYflSWH4e5uYn7Yl9lgLHutKBqZoWI3L8b-cdAO_GX-Whq5zOlEz4hEmpA_aem_7bXzr64Jel_WwBOnRhaTxA,,,,,,204.5598,205.0598,,,,,,,,,tsâi-bū,1,j,w35.png,,,,,,,,205.0602,206.1111,j,1,1.011,,0,69,69,28,1,實驗材料,低,懸,財務,,
,,,,,580813,女,50,B1,2026-05-01_06h50.43.664,ldt,2025.1.1,Win32,59.88023952,IwZnRzaARguyNleHRuA2FlbQIxMQBzcnRjBmFwcF9pZAo2NjI4NTY4Mzc5AAEeAFYflSWH4e5uYn7Yl9lgLHutKBqZoWI3L8b-cdAO_GX-Whq5zOlEz4hEmpA_aem_7bXzr64Jel_WwBOnRhaTxA,,,,,,206.1116,206.6116,,,,,,,,,liáu-kái,1,j,w7.png,,,,,,,,206.6118,207.3291,j,1,0.6842,,0,70,70,6,1,實驗材料,懸,懸,了解,,
,,,,,580813,女,50,B1,2026-05-01_06h50.43.664,ldt,2025.1.1,Win32,59.88023952,IwZnRzaARguyNleHRuA2FlbQIxMQBzcnRjBmFwcF9pZAo2NjI4NTY4Mzc5AAEeAFYflSWH4e5uYn7Yl9lgLHutKBqZoWI3L8b-cdAO_GX-Whq5zOlEz4hEmpA_aem_7bXzr64Jel_WwBOnRhaTxA,,,,,,207.3295,207.8295,,,,,,,,,,0,f,w67.png,,,,,,,,207.83,210.1654,j,0,2.2895,,0,71,71,56,1,filler_假詞,,,出措,,
,,,,,580813,女,50,B1,2026-05-01_06h50.43.664,ldt,2025.1.1,Win32,59.88023952,IwZnRzaARguyNleHRuA2FlbQIxMQBzcnRjBmFwcF9pZAo2NjI4NTY4Mzc5AAEeAFYflSWH4e5uYn7Yl9lgLHutKBqZoWI3L8b-cdAO_GX-Whq5zOlEz4hEmpA_aem_7bXzr64Jel_WwBOnRhaTxA,,,,,,210.1659,210.6662,,,,,,,,,,0,f,w52.png,,,,,,,,210.6665,211.4503,j,0,0.7368,,0,72,72,41,1,filler_假詞,,,頭舌,,
,,,,,580813,女,50,B1,2026-05-01_06h50.43.664,ldt,2025.1.1,Win32,59.88023952,IwZnRzaARguyNleHRuA2FlbQIxMQBzcnRjBmFwcF9pZAo2NjI4NTY4Mzc5AAEeAFYflSWH4e5uYn7Yl9lgLHutKBqZoWI3L8b-cdAO_GX-Whq5zOlEz4hEmpA_aem_7bXzr64Jel_WwBOnRhaTxA,,,,,,211.4507,211.9508,,,,,,,,,bú-gí/bú-gú,1,j,w23.png,,,,,,,,211.9513,212.8519,j,1,0.8543,,0,73,73,18,1,實驗材料,懸,低,母語,,
,,,,,580813,女,50,B1,2026-05-01_06h50.43.664,ldt,2025.1.1,Win32,59.88023952,IwZnRzaARguyNleHRuA2FlbQIxMQBzcnRjBmFwcF9pZAo2NjI4NTY4Mzc5AAEeAFYflSWH4e5uYn7Yl9lgLHutKBqZoWI3L8b-cdAO_GX-Whq5zOlEz4hEmpA_aem_7bXzr64Jel_WwBOnRhaTxA,,,,,,212.8523,213.3524,,,,,,,,,,0,f,w55.png,,,,,,,,213.3528,215.0206,j,0,1.6211,,0,74,74,44,1,filler_假詞,,,苦碗,,
,,,,,580813,女,50,B1,2026-05-01_06h50.43.664,ldt,2025.1.1,Win32,59.88023952,IwZnRzaARguyNleHRuA2FlbQIxMQBzcnRjBmFwcF9pZAo2NjI4NTY4Mzc5AAEeAFYflSWH4e5uYn7Yl9lgLHutKBqZoWI3L8b-cdAO_GX-Whq5zOlEz4hEmpA_aem_7bXzr64Jel_WwBOnRhaTxA,,,,,,215.021,215.5212,,,,,,,,,hāu-senn/hāu-sinn,1,j,w45.png,,,,,,,,215.5216,216.4302,j,1,0.8829,,0,75,75,36,1,filler_純台語詞,,,後生,,
,,,,,580813,女,50,B1,2026-05-01_06h50.43.664,ldt,2025.1.1,Win32,59.88023952,IwZnRzaARguyNleHRuA2FlbQIxMQBzcnRjBmFwcF9pZAo2NjI4NTY4Mzc5AAEeAFYflSWH4e5uYn7Yl9lgLHutKBqZoWI3L8b-cdAO_GX-Whq5zOlEz4hEmpA_aem_7bXzr64Jel_WwBOnRhaTxA,,,,,,216.4306,216.9228,,,,,,,,,tsí-sòo,1,j,w31.png,,,,,,,,216.923,219.2755,j,1,2.2828,,0,76,76,24,1,實驗材料,低,懸,指數,,
,,,,,580813,女,50,B1,2026-05-01_06h50.43.664,ldt,2025.1.1,Win32,59.88023952,IwZnRzaARguyNleHRuA2FlbQIxMQBzcnRjBmFwcF9pZAo2NjI4NTY4Mzc5AAEeAFYflSWH4e5uYn7Yl9lgLHutKBqZoWI3L8b-cdAO_GX-Whq5zOlEz4hEmpA_aem_7bXzr64Jel_WwBOnRhaTxA,,,,,,219.2759,219.776,,,,,,,,,,0,f,w81.png,,,,,,,,219.7764,222.9128,j,0,3.1002,,0,77,77,70,1,filler_假詞,,,部斑,,
,,,,,580813,女,50,B1,2026-05-01_06h50.43.664,ldt,2025.1.1,Win32,59.88023952,IwZnRzaARguyNleHRuA2FlbQIxMQBzcnRjBmFwcF9pZAo2NjI4NTY4Mzc5AAEeAFYflSWH4e5uYn7Yl9lgLHutKBqZoWI3L8b-cdAO_GX-Whq5zOlEz4hEmpA_aem_7bXzr64Jel_WwBOnRhaTxA,,,,,,222.9132,223.4132,,,,,,,,,,0,f,w62.png,,,,,,,,223.4135,224.3476,j,0,0.901,,0,78,78,51,1,filler_假詞,,,慌沉,,
,,,,,580813,女,50,B1,2026-05-01_06h50.43.664,ldt,2025.1.1,Win32,59.88023952,IwZnRzaARguyNleHRuA2FlbQIxMQBzcnRjBmFwcF9pZAo2NjI4NTY4Mzc5AAEeAFYflSWH4e5uYn7Yl9lgLHutKBqZoWI3L8b-cdAO_GX-Whq5zOlEz4hEmpA_aem_7bXzr64Jel_WwBOnRhaTxA,,,,,,224.3481,224.8481,,,,,,,,,hâng-ūn,1,j,w17.png,,,,,,,,224.8485,225.9661,j,1,1.0724,,0,79,79,14,1,實驗材料,低,低,航運,,
,,,,,580813,女,50,B1,2026-05-01_06h50.43.664,ldt,2025.1.1,Win32,59.88023952,IwZnRzaARguyNleHRuA2FlbQIxMQBzcnRjBmFwcF9pZAo2NjI4NTY4Mzc5AAEeAFYflSWH4e5uYn7Yl9lgLHutKBqZoWI3L8b-cdAO_GX-Whq5zOlEz4hEmpA_aem_7bXzr64Jel_WwBOnRhaTxA,,,,,,,,,,,,,,,,,,,,,,,,,,,,,,,,,,,,,,,,,,225.9664,226.9681
